,Rate
20220317,0.75
20220203,0.5
20211216,0.25
20200319,0.1
20200311,0.25
20180802,0.75
20171102,0.5
20160804,0.25
20090305,0.5
20090205,1.0
20090108,1.5
20081204,2.0
20081106,3.0
20081008,4.5
20080410,5.0
20080207,5.25
20071206,5.5
20070705,5.75
20070510,5.5
20070111,5.25
20061109,5.0
20060803,4.75
20050804,4.5
20040805,4.75
20040610,4.5
20040506,4.25
20040205,4.0
20031106,3.75
20030710,3.5
20030206,3.75
20011108,4.0
20011004,4.5
20010918,4.75
20010802,5.0
20010510,5.25
20010405,5.5
20010208,5.75
20000210,6.0
20000113,5.75
19991104,5.5
19990908,5.25
19990610,5.0
19990408,5.25
19990204,5.5
19990107,6.0
19981210,6.25
19981105,6.75
19981008,7.25
19980604,7.5
19971106,7.25
19970807,7.0
19970710,6.75
19970606,6.5
19970506,6.25
19961030,5.94
19960606,5.69
19960308,5.94
19960118,6.13
19951213,6.38
19950202,6.63
19941207,6.13
19940912,5.63
19940208,5.13
19931123,5.38
19930126,5.88
19921113,6.88
19921016,7.88
19920922,8.88
19920505,9.88
19910904,10.38
19910712,10.88
19910524,11.38
19910412,11.88
19910322,12.38
19910227,12.88
19910213,13.38
19901008,13.88
19891006,14.88
19890908,13.75
19890904,13.88
19890831,13.84
19890525,13.75
19881125,12.88
19880825,11.88
19880808,10.88
19880721,10.38
19880707,9.88
19880624,8.88
19880610,8.38
19880603,7.88
19880517,7.38
19880408,7.88
19880317,8.38
19880201,8.88
19871203,8.38
19871104,8.88
19871023,9.38
19870806,9.88
19870508,8.88
19870428,9.38
19870318,9.88
19870309,10.38
19861015,10.88
19860523,9.88
19860418,10.38
19860411,10.88
19860319,11.38
19860115,12.38
19850726,11.38
19850711,11.88
19850419,12.38
19850328,12.88
19850320,13.38
19850128,13.88
19850114,11.88
19841123,9.5
19841119,9.75
19841105,10.0
19840817,10.5
19840816,10.75
19840809,11.0
19840808,11.5
19840711,12.0
19840706,10.0
19840629,8.88
19840510,9.06
19840314,8.56
19840307,8.81
19831003,9.06
19830810,9.56
19830809,9.44
19830614,9.56
19830613,9.81
19830414,10.06
19830413,10.31
19830315,10.56
19830112,11.0
19821126,10.0
19821102,9.13
19821101,9.38
19821012,9.63
19820930,10.13
19820929,10.25
19820928,10.38
19820927,10.5
19820827,10.63
19820826,10.88
19820825,11.0
19820824,11.13
19820817,11.25
19820816,11.38
19820804,11.5
19820802,11.56
19820730,11.63
19820729,11.75
19820728,11.81
19820726,11.94
19820721,12.06
19820713,12.13
19820712,12.25
19820709,12.5
19820608,12.63
19820420,13.13
19820419,13.0
19820416,13.13
19820310,13.25
19820225,13.63
19820222,13.81
19820122,13.88
19820121,14.0
19820120,14.13
19820119,14.25
19820118,14.31
19811204,14.38
19811125,14.56
19811109,14.63
19811106,15.06
19811028,15.13
19811012,15.0
19810915,14.0
19810825,12.69
19810311,12.0
19801125,14.0
19800703,16.0
19791115,17.0
19790613,14.0
19790405,12.0
19790301,13.0
19790208,14.0
19781109,12.5
19780608,10.0
19780515,9.0
19780508,8.75
19780412,7.5
19780109,6.5
19771128,7.0
19771017,5.0
19771010,5.5
19770919,6.0
19770912,6.5
19770815,7.0
19770808,7.5
19770516,8.0
19770502,8.25
19770425,8.75
19770418,9.0
19770412,9.25
19770331,9.5
19770321,10.5
19770310,11.0
19770203,12.0
19770131,12.25
19770124,13.25
19770110,14.0
19761229,14.25
19761220,14.5
19761122,14.75
19761007,15.0
19760913,13.0
19760524,11.5
19760426,10.5
19760308,9.0
19760301,9.25
19760209,9.5
19760202,10.0
19760126,10.5
19760119,10.75
19760105,11.0
19751229,11.25
19751201,11.5
19751117,11.75
19751006,12.0
19750728,11.0
19750505,10.0
19750421,9.75
19750324,10.0
19750310,10.25
19750217,10.5
19750210,10.75
19750127,11.0
19750120,11.25
